1000
1215.858898 9230.585820
8605.367224 4562.016155
3067.393463 148.577518
2396.997419 4167.826890
7431.263308 824.541622
557.172871 3373.754473
7917.217863 7056.189946
5076.016549 4884.252998
760.910060 6955.139081
5550.750352 9053.926537
2937.480757 7657.517170
4652.509324 5913.351744
5878.103290 3747.587560
7791.148614 6253.316228
8039.357573 5539.229086
7514.156228 9255.216471
4769.814906 6119.523447
3817.232621 7837.208369
6268.100965 6214.230040
2005.035254 3699.364268
7038.771662 2562.208130
7073.118741 4955.989521
9618.398077 2149.135285
9840.242523 379.308136
9104.274371 5390.992870
9433.234674 2041.755124
3048.510036 4085.743993
7955.106868 8926.613330
7833.331552 5746.255478
5179.929554 5872.689120
1285.484564 2694.085782
5127.905591 6055.299470
8813.609229 8945.138212
3892.507834 5081.710194
5159.368252 5897.543093
8781.074462 2198.139910
8459.751223 5854.193203
7154.129435 8078.149295
8003.328488 6994.371953
8457.457432 7107.602855
2385.364819 7890.692101
9149.357979 5433.874859
1976.436093 7104.464843
4360.488185 9809.767646
2850.720320 9540.417739
5682.456766 4136.204884
2234.503516 810.362352
191.504350 1048.112745
9755.500564 4084.012184
6129.822939 4914.868812
9981.555277 4910.897396
7113.008726 8441.306496
765.090594 4267.138156
6519.455792 8768.419087
1261.510105 4976.913219
5876.021937 3646.874923
2867.605320 5025.379916
9080.749782 4844.041413
2129.844754 3441.237963
4653.809054 4980.565074
2981.655702 336.265816
9116.769959 5216.159218
1146.628168 9308.274309
6264.271963 902.128732
3392.286493 2394.094897
5816.997544 3373.841766
7304.992297 2930.006265
1815.148262 8070.082892
7197.144421 8334.604054
6838.501974 8458.654526
3311.517268 2714.523912
2105.529449 6179.122588
7739.903828 1186.279227
1023.163996 9869.748582
4627.517194 5676.973055
4850.313656 7609.172895
6013.238871 3967.083611
2825.332108 7159.867043
3275.357919 9089.604076
8061.995775 6667.644413
1483.698968 3878.993315
41.486174 8788.691265
6808.999584 1856.634436
6858.774157 4006.144001
191.238485 3697.276126
2464.798527 3502.755758
6411.800038 4570.327976
9681.878346 4151.703862
5756.607203 705.042342
4021.452444 384.124392
6382.015397 8871.766100
7993.297287 2395.254263
2838.849706 818.629396
9555.121306 6114.207625
9908.233471 7617.117077
2781.852033 1391.932434
1496.110392 2823.338212
180.623699 8305.109976
4679.972648 7039.397856
2311.253972 4871.211138
736.673978 4776.052500
8373.966896 7148.474020
9346.380476 8055.845237
1300.177877 5102.987678
8760.887579 5321.630321
5487.112070 5142.902972
4193.396417 3480.409357
7538.157239 7032.246127
4299.038753 7093.278541
3146.453748 4207.272220
4710.395618 5928.305786
5599.204654 6206.506009
8751.643998 5779.828353
4511.615981 3431.616641
2819.226204 6822.869953
8302.827779 3555.900186
1598.922453 6676.794671
704.374202 945.302924
4732.639908 2004.552079
6048.290602 3493.527483
7326.182405 1535.402672
8636.430459 1519.578817
5015.812030 6174.587694
8551.824944 9314.850783
3267.866230 1698.278692
3522.122998 7978.261848
7626.584478 9121.327651
4184.767853 6378.228472
4901.156004 8696.383833
9809.845113 7720.382208
5519.253786 8112.672892
1276.282389 7118.176239
4789.467559 1980.656591
8063.479163 9522.107467
3985.208675 4111.769765
3015.634950 1311.391076
5647.172437 1652.065405
2830.969893 662.984462
7826.653099 1382.794837
9977.835244 1094.519324
3081.073530 3499.958237
9072.781177 707.658003
2621.285884 3257.549025
7085.886475 7522.441888
1953.932858 6895.731584
5242.824096 7473.186644
5008.404471 6519.106485
4591.362879 9797.872035
8499.763081 2654.842037
9319.979497 2484.971752
6766.611802 2335.614442
3796.362827 2413.784234
3987.679847 6627.332720
3076.768696 1814.332941
8010.127557 3054.603936
2908.852269 1091.201082
6554.562173 1981.633442
1798.859086 9175.848062
5239.182466 8884.745561
6698.289945 7193.115324
5780.477145 1941.114036
4666.301964 788.881611
8460.220526 9257.664843
586.753642 6959.983603
1912.506880 9906.733143
9444.955354 8679.118682
2242.347580 3241.318177
1092.902916 6230.027432
9868.650897 4169.671612
8044.360372 7878.778455
7224.275552 953.212637
8969.979537 3778.837721
2934.846078 768.838623
2954.685778 8174.028549
9653.584184 9652.975728
5367.143869 5434.061324
1594.089759 33.445833
6222.942940 54.310281
9291.110676 6809.696582
7014.293883 1203.617552
6716.429720 6459.249233
9882.736239 8958.777305
9700.567410 975.639150
5188.804732 9569.218308
5145.310762 3233.165100
7447.996758 2369.586310
4186.377741 6417.976290
6148.424035 7121.223820
7186.814913 9103.109813
5295.252365 6840.399097
8756.085536 662.396234
2274.460416 350.175295
695.842067 8497.403356
404.485576 9986.952743
5307.099938 7418.779464
1190.570295 2023.529653
3878.028693 1073.306529
982.306954 3578.596103
2048.945679 6171.111686
3147.814406 7194.256441
9404.276791 595.811159
9563.842756 3590.654528
7013.787449 5712.266786
711.878343 4200.602362
4815.376594 6007.130712
1041.001454 3571.462130
6669.526946 3315.461871
3921.637425 7365.369013
1812.865227 4326.123001
7352.321752 7119.965165
1744.902461 8542.892047
9143.494819 5622.931158
9616.198577 125.801773
9201.527261 1665.144252
6296.913459 2349.341662
8859.400697 5701.190245
2945.152821 8423.243448
9291.844773 9958.940269
4135.510230 3.723116
4159.542627 8950.886824
6010.853828 5200.544081
2522.348949 2680.380769
8516.005957 6443.986374
45.749778 328.871180
770.109375 7398.071530
7448.836345 2515.011836
5940.963577 6592.331159
8137.942994 5557.162150
6718.132932 7339.470250
7222.306406 3015.046391
9688.811912 6081.707099
8716.236636 2633.964728
4504.950542 8008.081409
2592.904997 8640.460772
8011.804525 6752.447624
7591.347591 4022.658348
1952.991705 113.696540
6703.039117 468.997658
6557.682914 6748.788895
797.868837 7327.792289
4146.860421 8246.705182
9842.804130 87.823994
4839.036337 7980.747120
5644.986148 1557.169269
5320.217370 2867.292549
4572.215660 5009.029277
8948.999647 3288.452292
7642.994010 3453.950185
1296.533696 235.899002
2094.410952 9308.338221
6988.346627 9685.758543
3330.996564 8941.338332
9799.455083 34.035677
9410.335989 6357.137997
6782.824573 208.204822
3684.930282 929.684993
8454.910004 3527.734407
1017.508987 3293.946340
1508.481527 6662.495135
4851.115609 6828.698896
9529.787684 9423.331269
1837.728169 8478.787326
2711.783556 9480.722178
1932.737507 4008.317256
9716.621181 4027.148459
3316.655473 6704.967807
3712.907002 6647.652041
5646.306135 3512.362080
6681.687719 5056.642124
9869.500077 3464.512291
5264.846946 3554.430359
4394.197284 3719.756950
7082.164766 5411.706271
7013.703290 8590.646292
2074.201406 1864.818894
5419.345184 1603.989085
1288.150158 7257.073357
82.776411 3999.933714
6737.795531 2015.513918
8008.250970 6454.416712
6042.662382 1324.906443
3159.384515 9755.569384
7972.558484 8805.690649
3267.931460 4654.246198
3862.332769 3137.431537
8118.758489 9127.179719
6691.861896 2512.955769
2846.936664 3774.026657
7924.662045 9860.639954
2364.672950 9998.863451
1725.458844 7784.018134
1602.852532 3013.609002
5041.091486 1685.628943
7013.542716 1778.887018
3701.142866 5021.793686
8233.303730 9743.805248
6346.700129 1392.688240
9499.374628 4319.258609
198.378884 2767.306083
8973.504807 4060.711658
5904.737621 7092.263297
3187.891372 2596.599512
9605.219066 6034.828036
6370.626174 7529.881106
5895.467985 8735.299124
7528.744553 7620.926829
6519.317253 9131.597089
634.535826 1560.408739
817.226028 7648.078542
3339.295757 4518.368894
2669.872224 1572.599482
4262.174137 9016.572353
2965.287721 3761.548760
3335.830957 3163.666606
6528.854848 2309.335765
7224.378263 2433.592464
9401.599061 412.269631
5030.191981 9006.818123
6447.097667 1400.818150
6536.699229 2342.565647
136.117269 4065.443778
9963.492476 6655.434522
3197.040862 598.028298
8215.843261 4014.266894
8246.106845 1555.139013
8532.635788 915.979064
3127.738495 2794.809925
9932.551421 6093.026216
6556.358685 3268.382374
9256.692826 3085.213529
5577.718138 6481.071085
5518.805997 4979.317195
6893.340720 548.997973
3986.135318 3340.438382
1949.816124 522.834542
5683.004035 2085.933393
4588.278320 5646.496506
8741.367915 7785.319187
6244.524809 6957.211176
1799.586076 4490.631649
8512.350190 332.221859
5406.610712 1640.088685
3127.031784 5339.162129
7733.114901 9683.390474
8607.544507 6989.807723
2768.603998 4185.262641
3470.878808 8287.409995
9164.579841 364.219523
8836.407968 3150.715154
3704.657906 786.224087
3673.549697 9387.661940
2872.157480 8261.828017
5034.158446 1613.525395
6047.147199 1278.683250
8570.736571 7846.733275
5769.314899 7083.086757
8178.955139 1175.925606
8723.175441 1305.986918
6515.087740 6456.290342
989.377387 5122.632242
3446.098060 3757.981390
9307.894883 6916.976868
2045.391380 8472.474720
7281.196391 881.799348
1623.189869 985.854296
1668.023435 5296.739566
373.516232 4540.180920
3558.567582 5407.674678
6153.706315 9605.714781
6686.357929 4724.442882
7452.448056 2455.672823
1807.529634 5631.403190
3631.598434 530.705075
6937.390108 146.686169
6986.995417 7926.767500
5269.318412 433.093473
1684.748885 4577.213290
7350.070345 3730.140265
3049.688010 4631.266731
4611.939613 4672.877879
5617.121028 6279.963053
9969.617450 5990.637264
820.143968 3528.185027
1398.311938 6973.850283
3133.899804 8084.669871
1698.293161 586.347855
540.342690 3505.822794
6217.751045 4171.941124
4036.527869 3155.141153
4318.627293 1023.523282
1081.908648 9587.945705
1456.616759 2766.657533
4165.158996 8806.687104
6496.797798 7214.847006
3437.953830 1108.737411
1887.724880 9055.074863
7388.700464 1857.342325
5045.712122 8208.844433
5385.527353 6444.024060
5182.694711 8519.427161
4528.693927 6880.987872
9105.775016 5069.036621
386.810661 5323.526061
9240.977745 4423.338535
8478.667214 3559.605039
5446.861817 9560.575862
3147.550739 6903.478576
2327.233391 7312.709734
5710.165676 8824.031189
4527.556735 9148.119511
9932.768601 6415.281620
8203.194369 7321.469061
8272.623945 3248.906486
5530.313489 3658.151298
9692.930546 713.008195
2177.578454 4221.624473
7593.996067 1283.353465
9290.661094 7980.806733
6606.879526 8531.638835
2404.145264 5085.546735
2091.243869 7851.007081
4646.122593 5238.794612
4754.485658 6973.355984
2551.504342 464.651329
5797.387173 7079.061082
9612.770839 5730.155770
3494.342698 7815.965203
3051.624830 1766.966638
1064.871685 8581.938319
5425.117936 757.802232
9294.946519 7602.696390
4979.426705 6888.942582
8886.049860 4270.087795
4869.749311 5492.929381
2801.726625 7273.894575
578.476116 4892.970498
5124.901657 5224.598709
131.765106 9879.387314
2197.954693 2683.269448
344.038638 7995.341866
9762.330530 9956.809483
3725.497631 3256.673223
7772.774681 6777.122462
5023.639866 8837.646371
5359.060781 448.757797
9595.448603 4654.007295
8051.454191 4574.875303
1542.949873 6937.504046
8844.963097 6412.699188
2430.433423 1646.689717
3686.593759 3008.909539
6539.660216 8811.495415
8233.508253 6671.425321
8690.882725 431.462941
9354.694774 9034.921368
8426.804807 9117.025300
8991.730846 2152.302434
2373.698523 6764.505523
8929.424900 7397.338388
5602.151889 4288.485676
7846.096185 5197.600487
8942.492972 5897.550371
9772.475790 485.442840
2835.054413 8617.438883
6898.142028 5265.487840
264.128600 584.735787
8274.397379 6803.788816
9396.231202 6507.905627
3475.214137 8087.113927
6939.368568 2829.908907
7122.035291 5366.173370
1946.934202 6113.766132
7518.475809 4320.632724
2878.271650 6447.900704
1717.971108 8480.423544
736.386376 9564.067297
3678.024026 9678.879347
5461.617664 3450.499817
164.322183 8296.672082
2067.938695 7062.464215
3562.159917 2332.067295
7647.200002 1836.557291
9135.856116 7043.431200
8344.462923 2611.070249
5130.545122 5283.831486
5440.979155 2252.580408
650.004857 7387.913357
8366.346540 8168.480666
1708.546081 1244.618190
4616.381365 3426.517189
9725.041734 5352.767741
2990.584482 3403.065756
5031.647084 8452.202151
6853.565572 5195.969266
6748.874228 8921.504272
2258.433477 311.034140
1253.571562 9905.633479
2147.591432 389.427673
6949.064679 492.054350
3000.497922 2079.609796
5775.885841 8441.477077
4332.190209 6425.890697
5829.390434 2698.536745
4594.371358 7537.936516
3943.154935 9210.752723
964.453700 3668.196664
4563.520460 3955.038187
7071.262424 9595.167544
2407.240333 3924.827992
4791.136805 9156.114561
2846.332259 7049.570287
9467.148701 4099.903826
6955.203762 1614.740128
4489.331499 3904.268436
2106.794483 7489.829425
5983.878237 7882.680324
5931.306498 316.068442
4308.571017 1760.696928
3014.605186 8902.942375
9298.633444 6957.760126
8113.695093 263.087144
625.956785 2677.215549
4218.125331 7697.219210
2272.383087 6625.365665
1622.047202 7063.519893
5781.480221 4468.379460
4113.090175 5248.628918
8568.283286 1068.293937
6863.369046 3057.614785
4972.562373 8970.163529
547.444206 956.440606
6852.843848 6478.750704
1272.509047 1161.414860
8239.447637 4287.114239
64.357230 7538.081076
1244.874360 8178.052324
7801.168220 1870.831145
855.267868 2019.293547
9568.050359 3127.650955
8644.659211 1190.097556
191.170848 4426.139428
5658.477017 4304.261023
9674.768345 4226.760303
5372.554960 6538.137391
7284.375088 345.117334
5508.300916 7831.819294
1301.557939 2361.144765
4310.569993 2574.066991
3522.559625 2550.017625
6861.181230 3586.916860
88.098701 8106.055589
1764.969179 7889.266921
9976.886734 2620.237052
9908.560472 9544.937089
5747.888007 8553.219679
735.034640 5939.058855
2979.359107 6393.511662
243.319878 2654.127447
620.271960 5615.874839
9192.264839 7904.647048
5960.992172 4700.565755
5736.466337 7262.550116
7061.710519 47.036326
9836.617107 584.270139
2597.053956 6697.798333
4171.186999 2685.152657
4803.853917 5936.156183
574.419573 4780.740647
8556.393235 482.980041
4325.677736 4304.281238
9036.199725 5060.712376
243.340093 2015.558827
1454.224033 486.659971
4669.686274 2074.495993
6102.534810 3861.951113
9979.143040 2063.526982
8562.516867 5715.609372
9326.077099 5624.227382
5762.645703 9162.694201
6208.497522 8359.699658
5860.492529 379.684521
1044.852310 664.346442
6315.840705 1619.271884
5445.087089 4872.233935
2102.251929 9770.764825
9176.515173 1138.451649
4831.477201 9419.855266
3154.010476 6285.701234
9906.515237 7823.696750
8360.197231 6009.050047
1685.647858 8339.340267
8072.577030 248.164721
4054.949639 7398.654123
5872.392103 9817.595342
6561.348320 2080.889625
8177.294996 2421.840845
2460.574146 9222.147306
3086.187287 8776.414850
841.419185 8531.274376
3648.648781 2943.671114
8302.039201 2825.163949
4082.122764 3133.516397
2245.019214 7236.133240
9419.217631 2151.534447
5059.829990 7779.414858
8160.584494 6745.477848
6118.755125 6233.161518
6993.642574 173.704759
3631.815637 2866.034672
9991.300101 193.163953
4946.924297 8168.595092
2615.004798 7407.498442
7390.742394 5701.192085
6183.913288 8232.161579
4232.466460 9832.562068
1175.832693 2534.505656
2657.726017 5257.955457
5668.022053 4902.745231
2494.088697 5087.239679
7054.279678 7553.918686
2866.654537 5214.864172
4299.396530 8985.409662
1448.025685 1293.039099
9159.114421 5079.841327
4159.073776 9150.414518
5273.005280 9105.998072
7319.009605 7888.010083
6513.496515 4709.751995
3589.202163 2697.409798
2941.913569 7821.668623
2529.971866 4117.746262
356.174275 5187.697883
9375.701723 6024.196328
90.443110 1869.790415
1111.436007 7144.722788
9423.709102 3978.090544
2359.586955 3723.105627
2963.500201 3807.612645
5016.144731 2122.614618
8887.453973 9175.218506
1273.029131 4160.459248
8281.216574 8592.038736
2048.469326 4794.713084
3301.790726 5637.671494
7492.122886 6243.704295
3459.340112 22.094748
361.450557 3815.514391
5209.792631 9737.152280
9839.710719 5300.235741
1606.942691 951.146721
2444.958525 1030.651788
4929.237266 4804.545485
4753.757415 7892.737467
8612.158130 9769.902145
15.352080 7499.612098
8945.120647 1288.381210
1660.071342 7226.337221
9880.419946 3708.540673
2021.050300 3182.210668
9346.212167 9513.173187
9425.914967 2805.552274
9535.267935 9787.365524
6621.066666 4745.060562
9524.517800 6460.777384
45.296298 1131.460486
7411.924106 2490.254828
2162.112273 2341.161371
7294.800313 6915.869688
233.898834 5906.958438
6685.771833 249.250918
3406.570532 5630.892476
1537.632128 5066.641874
2857.229692 1418.052074
8775.182547 4878.279997
4600.262742 8121.394710
4391.453180 4026.177704
926.946984 3926.721115
3813.543224 7548.013650
8671.781676 3338.061019
4008.791029 8717.077979
4469.521504 1420.715135
1207.332803 6631.633777
3761.876507 8502.133115
3547.503466 3995.775340
4409.091549 233.275294
4245.026258 7815.662081
5864.167770 5782.658391
2882.303951 8721.397467
7200.710465 1657.486498
3599.677460 1800.973202
9778.881208 7991.130640
5827.150911 705.828187
1917.851750 9640.694135
8253.841842 589.633426
2978.755153 2262.632867
9306.711405 7448.276657
3683.348002 514.044203
4079.910435 7445.224508
9016.177319 7627.413900
1440.999849 3425.268863
7860.689195 5686.026106
1240.930940 3724.856960
1468.684492 4123.234890
2446.254423 8669.394957
5780.721389 6045.931883
470.368159 5559.602597
4037.062523 6297.519070
6265.430784 5954.914273
5938.213200 4519.272621
6544.547699 8916.968354
6781.905492 5851.259099
6365.245011 465.253489
6365.303302 445.155441
7910.478002 5381.480616
8072.569341 9351.477851
8806.749479 5933.258532
5037.503953 47.680414
9658.115492 6506.188450
4170.915309 2104.369915
5175.583402 9951.636698
8150.301798 5645.951561
5511.239290 2187.364317
1943.470627 1776.670074
8142.278594 7881.683832
6295.942695 4686.826288
6798.652181 3077.848183
538.085387 3163.897187
3543.101677 6903.388690
3609.052628 1453.579674
2284.869306 1681.621965
805.057520 1091.618781
7614.880496 5842.561473
1139.299200 7272.995988
2348.749918 5310.214509
9377.365904 7524.333325
5261.851202 7527.667697
3170.284882 773.090492
9715.032019 5113.755514
2549.760566 7857.310608
2995.439341 8845.703261
2544.136891 9794.091522
1923.551444 3082.222279
2957.988709 5466.653120
9985.610973 6567.041337
6920.232795 2270.480274
8248.663306 7725.290315
3362.099055 5863.543798
3567.851784 4501.398254
3136.539782 5916.601706
9811.612763 2513.905681
3440.935027 5073.463966
41.573378 6611.219908
5846.554458 9756.605397
1724.975417 8396.315024
7613.916000 4720.414758
7242.018281 158.052887
4514.506280 9165.569725
3240.275170 7472.494988
4632.222841 3225.886139
4039.536321 1552.455631
5496.366413 2288.199622
9277.745946 8858.465468
8151.743425 2845.597729
3359.863722 1288.283202
8762.199436 3171.476481
3802.188888 2203.134458
8244.940447 3843.762266
8814.354366 4091.494900
3600.367659 539.329783
2487.809920 1214.283654
5259.744541 9729.828206
1372.336541 9774.250821
8895.397926 4612.611711
7246.745805 3527.620767
7838.497850 1286.282126
5080.076398 3334.864258
3574.481748 4357.822344
2193.329726 1726.225168
7203.420073 5553.193449
3014.508375 5965.619504
8724.669930 6816.697264
8168.753962 6969.610377
660.459525 6983.108324
1061.105272 4260.827184
7522.438107 3548.915197
5475.110838 2782.182648
3278.743398 6847.447379
2556.433465 2174.141320
1460.059090 9803.179274
5701.762087 9298.556940
1089.461395 781.838484
2633.421199 4663.943143
5139.660828 4826.750925
6390.168316 2343.080897
379.944369 9404.676691
8308.700401 9104.614299
6221.373950 6477.454359
6074.224671 6881.833475
3460.562678 7135.329948
1142.660655 983.000785
684.245141 6617.771493
3765.183433 3962.988539
3465.218867 6321.616898
6137.129858 4925.277957
6124.796167 1838.891945
4223.834897 7214.257562
2620.730429 6857.256096
1878.200705 7760.391258
1684.007017 8268.369021
103.472150 2063.951386
7673.045708 8412.172551
1168.565681 3894.419653
4889.626906 7242.790357
776.253124 8350.189584
4378.120301 1918.913779
9333.190368 5062.365441
8536.685271 3098.373796
9025.353980 2001.904134
9419.990699 5162.483833
6927.182096 5544.786861
7001.375778 1151.016988
2759.044423 9622.106207
8008.273085 4637.245128
7382.497460 9692.280101
2905.614145 7485.969610
1756.231483 578.659848
5898.142157 2924.797164
4473.079501 787.769058
167.587516 5249.332625
9137.958646 4545.707817
7168.246404 8471.149010
9608.073258 5704.931671
1569.522806 8633.427233
7706.835804 989.513500
3795.911066 4634.017895
6534.300361 797.286840
5785.034884 9293.344784
419.393047 3793.307964
3930.589908 7801.890507
3485.588060 6836.204052
5287.860118 5241.819543
7414.863900 1186.002270
8166.616712 1887.943396
1973.771333 8334.204228
7137.276021 1111.729974
2879.912044 4305.522421
9582.878984 2487.985297
10.454087 1152.401786
1121.412530 7717.289896
2141.915286 4917.323596
2351.307786 8676.215652
5714.610436 8136.342675
7969.560431 6134.003483
1929.650634 1900.150339
3935.893990 5415.238699
8736.354391 9223.754108
657.058237 6151.218291
409.756373 8823.674949
8039.161688 2383.527706
7157.879177 5176.437709
3495.257680 37.791217
9481.960130 3078.136664
2525.776514 9492.414221
4230.538450 3647.189044
7209.704112 6372.453741
8564.512641 9561.011898
5048.669388 4279.123076
7697.354568 3018.229815
413.126555 9627.005206
4918.380154 4349.020545
5042.243900 3654.734545
3572.774648 5699.302138
9805.952837 3982.531025
4522.977087 7845.114520
6366.058731 1680.856259
3021.552224 9861.316415
1718.647476 2503.512354
2939.453075 4244.423990
1995.926570 7169.991525
7891.613039 9205.630682
3542.445262 6456.125675
8766.642576 8591.114650
735.248747 6463.997144
1609.344465 1148.375306
6091.002345 6527.724618
5497.395850 1133.246241
182.459159 9070.170503
6832.548378 9988.411996
3052.701523 1355.525461
7833.526515 9418.760254
3036.381720 855.078735
9280.076665 4755.029196
3358.591089 2219.529735
8999.453191 5354.517659
9389.521265 6891.066226
4560.148336 2931.966522
3347.191896 3326.790912
1523.081172 4082.440647
9790.788055 3132.425637
5230.815953 5881.790396
9660.150255 728.211799
7015.036637 9842.609418
9798.382302 3847.585010
9831.021409 2851.083820
5203.110476 7664.547920
2269.844074 8239.492196
8519.626660 1549.920734
2994.521392 1878.217744
3769.450473 1993.974579
7232.735407 3158.971734
8885.040804 1792.883739
6090.938256 2232.232696
5119.674651 7614.019428
6314.673343 4910.462701
746.445060 1545.489291
792.253092 406.595315
2273.701095 7807.289729
249.204729 2072.083392
1654.874739 80.226134
4923.167217 6857.985215
7744.774058 7193.011291
5097.477406 6264.400713
8742.932025 8091.998798
8142.618457 2512.382494
85.973372 5375.353859
5671.354228 8971.014176
7168.237603 1762.292484
1203.246872 2287.912249
9376.311912 7517.920214
7198.374955 122.756972
9063.409511 7990.628047
529.352287 1337.110601
5797.917776 778.557016
3409.193993 7452.792515
858.783150 8332.361210
4310.777725 8603.557208
5525.372497 9408.255131
4867.957917 4268.304521
7500.253929 3010.576373
6780.687015 7586.227300
8385.930233 2452.041242
6557.241476 5554.167831
4214.333726 7760.488348
7842.080085 3590.645633
5278.408558 5040.455034
3713.402605 4341.818064
3031.083077 4242.754893
5678.928665 8829.000852
5021.311909 9088.122663
6281.793363 5880.095063
7420.483868 592.571083
4483.652266 2945.856365
0.826214 9351.610187
7214.160886 7501.080142
2362.186556 3994.847897
5087.307438 748.116784
6446.889139 1644.548910
6302.284620 661.222861
9405.037258 4144.364700
4251.868499 4683.445815
9184.819734 7965.271104
9025.263879 2215.902806
2208.025997 4704.192544
1044.903659 7229.337905
3792.315202 7326.697021
3109.432963 1212.799065
7919.268109 7593.085234
4158.655430 7920.094322
6944.695416 1372.816312
5421.174460 9306.881972
5367.664213 508.481893
54.998752 1814.553347
2153.030807 6357.283372
2475.776213 1558.068060
501.648067 6727.644711
6241.513875 9686.467801
4692.915811 5266.777754
1902.370607 6900.941807
9970.970298 2947.274266
4130.279712 3763.285495
273.971283 7239.712676
4976.084561 8193.239392
4832.797905 9134.739996
6113.333710 1777.493317
507.556303 1534.508165
1084.375284 5875.220516
2042.990062 1139.374041
7689.773868 4196.020870
7496.657412 165.550076
5754.088930 7998.305484
6893.194787 1995.602805
7684.773280 1586.110593
7262.380560 9587.143888
8487.052405 7233.350853
2534.418149 2617.332112
996.636344 2808.389437
9857.044788 5972.720904
1001.628824 4689.842693
5107.460895 7114.962538
6467.336009 5615.017203
